%YAML:1.0
calibration_Time: "08/19/11 20:44:38"
nrOfFrames: 8
image_Width: 640
image_Height: 480
board_Width: 9
board_Height: 6
square_Size: 50.
FixAspectRatio: 1.
# flags:  +fix_aspectRatio +fix_principal_point +zero_tangent_dist
flagValue: 14
Camera_Matrix: !!opencv-matrix
   rows: 3
   cols: 3
   dt: d
   data: [ 1201.299, 0., 739.146, 0.,
       1208.345, 593.293, 0., 0., 1. ]
Distortion_Coefficients: !!opencv-matrix
   rows: 8
   cols: 1
   dt: d
   data: [ 0.146734, -0.381651, 0.00437, -0.001336, 0.024700, 0.218667, 0.001909, 0.002046]
